024897
024900
024903
024906
024909
024912
024915
024918
024921
024924
024927
024930
024935
024939
024942
024945
024948
024951
024954
024957
024960
024963
024966
024969
024972
024975
024978
024981
024984
024987
024990
024996
025001
025009
025015
025018
025021
025024
025027
025030
025033
025036
025040
025044
025047
025050
025053
025056
025059
025062
025065
025068
025071
025074
025077
025100
025111
025114
025134
025141
025143
025145
025147
025149
025151
025154
025156
025158
025161
025164
025167
025170
025173
025176
025179
025182
025185
025188
025191
025194
025197
025200
025203
025206
025209
025212
025215
025218
025221
025224
025227
025230
025233
025236
025239
025242
025245
025248
025252
025255
025258
025261
025264
025267
025270
025273
025276
025279
025282
025285
025288
025291
025294
025331
025334
025337
025340
025343
025346
025349
025352
025355
025358
025361
025364
025367
025370
025373
025376
025379
025382
025385
025388
025391
025394
025397
025402
025405
025408
025411
025413
025414
025416
025417
025422
025423
025424
025425
025426
025427
025428
025429
025430
025431
025432
025433
025434
025435
025436
025437
025438
025439
025440
025441
025442
025443
025444
025446
025448
025449
025450
025451
025452
025453
025454
025455
025456
025457
025458
025459
025460
025461
025462
025463
025464
025465
025466
025467
025468
025469
025470
025471
025472
025473
025474
025475
025476
025477
025478
025479
025480
025481
025482
025483
025484
025485
025486
025487
025488
025492
025531
025544
025555
025556
025557
025558
025559
025560
025561
025562
025563
025564
025565
025566
025567
025568
025569
025570
025571
025572
025573
025574
025575
025576
025577
025578
025579
025580
025581
025582
025583
025584
025585
025586
025587
025588
025589
025590
025591
025592
025593
025594
025595
025596
025597
025598
025599
025600
025601
025602
025603
025604
025605
025606
025607
025608
025711
025712
025713
025714
025715
025716
025717
025718
025719
025720
025721
025722
025723
025724
025726
025727
025728
025729
025730
025731
025732
025733
025734
025735
025736
025737
025738
025739
025740
025741
025742
025743
025744
025745
025746
025747
025748
025749
025750
025751
025752
025753
025754
025755
025756
025757
025758
025759
025762
025763
025764
025765
025766
025767
025768
025769
025770
025771
025773
025774
025775
025776
025777
025778
025779
025780
025781
025782
025783
025784
025797
025798
025799
025800
025801
025802
025803
025804
025805
025806
025807
025808
025809
025810
025811
025812
025813
025814
025815
025816
025817
025818
025819
025820
025821
025822
025823
025824
025825
025826
025827
025828
025829
025830
025831
025832
025833
025834
025835
025836
025837
025838
025839
025840
025841
025842
025843
025844
025845
025846
025847
025848
025849
025850
025851
025852
025853
025854
025855
025856
025857
025858
025859
025860
025861
025862
025863
025864
025865
025866
025867
025868
025869
025870
025871
025872
025873
025874
025875
025876
025877
025878
025879
025880
025881
025882
025883
025884
025885
025886
025887
025888
025889
025890
025891
025892
025893
025894
025898
025899
025900
025901
025902
025903
025904
025905
025906
025907
025908
025909
025910
025911
025912
025913
025914
025915
025916
025917
025918
025919
025920
025921
025922
025923
025924
025925
025926
025927
025928
025929
025930
025931
025932
025933
025934
025935
025936
025937
025938
025939
025940
025941
025942
025943
025944
025945
025946
025947
025948
025949
025950
025951
025952
025953
025954
025955
025956
025957
025958
025959
025960
025961
025978
025980
025990
026001
026002
026011
026013
026014
026015
026016
026017
026018
026019
026020
026021
026022
026023
026024
026026
026027
026028
026029
026030
026031
026032
026033
026034
026035
026036
026037
026038
026039
026040
026041
026042
026043
026044
026045
026046
026047
026048
026050
026051
026052
026053
026054
026055
026056
026057
026058
026059
026060
026061
026062
026063
026064
026065
026066
026067
026068
026069
026070
026071
026072
026073
026074
026075
026076
026077
026176
026178
026179
026180
026181
026182
026183
026184
026185
026186
026190
026193
026194
026195
026196
026197
026198
026199
026200
026201
026202
026203
026204
026205
026206
026207
026208
026209
026210
026211
026212
026213
026214
026215
026216
026217
026218
026219
026220
026221
026222
026223
026224
026225
026226
026227
026228
026229
026230
026231
026232
026233
026234
026235
026236
026237
026238
026239
026240
026263
026276
026277
026278
026279
026291
026298
026307
026308
026309
026310
026311
026312
026313
026314
026315
026316
026317
026318
026319
026320
026321
026322
026323
026324
026325
026326
026327
026328
026329
026330
026331
026332
026333
026334
026335
026336
026363
026364
026365
026366
026367
026368
026369
026370
026371
026372
026373
026374
026375
026376
026377
026379
026380
026381
026383
026384
026385
026386
026387
026388
026389
026390
026391
026392
026393
026395
026396
026397
026493
026494
026495
026496
026497
026498
026499
026500
026501
026503
026504
026505
026506
026507
026508
026509
026510
026511
026513
026514
026515
026516
026517
026518
026519
026520
026521
026522
026523
026524
026525
026526
026527
026528
026548
026549
026550
026551
026552
026553
026554
026555
026556
026557
026558
026559
026560
026561
026562
026564
026566
026568
026570
026572
026574
026576
026577
026578
026579
026580
026594
026595
026596
026597
026598
026599
026600
026601
026602
026603
026604
026605
026606
026607
026608
026609
026610
026611
026612
026613
026614
026615
026616
026617
026618
026619
026620
026621
026622
026623
026624
026625
026653
026654
026655
026656
026657
026658
026659
026660
026661
026662
026663
026664
026665
026666
026667
026668
026669
026670
026671
026672
026673
026674
026675
026676
026677
026678
026707
026708
026709
026710
026711
026712
026713
026714
026715
026718
026719
026720
026721
026722
026723
026724
026725
026726
026727
026728
026729
026730
026731
026733
026734
026736
026738
026739
026740
026741
026742
026743
026744
026745
026746
026747
026748
026749
026750
026770
026779
026780
026781
026782
026959
026967
026972
027182
027184
027185
027186
027187
027188
027189
027190
027191
027192
027193
027194
027195
027196
027197
027198
027199
027200
027201
027202
027203
027204
027205
027206
027207
027208
027209
027210
027211
027212
027213
027214
027215
027216
027217
027218
027219
027220
027221
027222
027223
027224
027225
027226
027227
027229
027230
027231
027233
027234
027235
027237
027238
027239
027241
027243
027248
027252
027286
027288
027289
027290
027291
027292
027293
027295
027296
027297
027298
027299
027300
027301
027302
027303
027304
027305
027306
027307
027308
027309
027310
027311
027313
027314
027315
027316
027317
027318
027319
027322
027323
027324
027325
027326
027327
027328
027329
027330
027331
027332
027333
027334
027335
027337
027338
027339
027340
027341
027342
027343
027344
027345
027346
027348
027349
027350
027351
027352
027353
027354
027355
027356
027357
027358
027359
027360
027361
027362
027363
027364
027365
027366
027367
027368
027369
027370
027371
027372
027373
027374
027375
027376
027377
027378
027379
027380
027381
027382
027383
027384
027385
027386
027387
027388
027389
027390
027391
027392
027393
027394
027395
027396
027397
027398
027399
027400
027401
027402
027403
027404
027405
027406
027407
027408
027409
027410
027411
027412
027413
027414
027415
027416
027417
027418
027419
027420
027421
027422
027423
027424
027425
027426
027427
027429
027430
027431
027432
027433
027434
027435
027436
027438
027439
027440
027441
027442
027443
027444
027445
027446
027447
027448
027449
027450
027451
027452
027453
027454
027455
027456
027457
027458
027459
027460
027461
027462
027463
027464
027465
027466
027467
027468
027469
027470
027471
027472
027473
027474
027475
027477
027478
027479
027480
027481
027482
027483
027484
027485
027486
027487
027488
027489
027490
027491
027492
027493
027494
027495
027496
027497
027498
027499
027500
027501
027502
027503
027504
027505
027506
027507
027508
027509
027510
027511
027512
027513
027514
027515
027516
027517
027518
027519
027520
027521
027522
027524
027526
027527
027528
027529
027530
027531
027532
027533
027534
027535
027536
027537
027538
027539
027540
027541
027542
027543
027544
027545
027546
027547
027548
027549
027550
027551
027552
027553
027554
027555
027556
027557
027558
027559
027560
027561
027562
027563
027564
027565
027566
027567
027568
027569
027570
027571
027572
027573
027574
027575
027577
027579
027580
027581
027582
027583
027584
027585
027586
027587
027588
027589
027590
027591
027592
027593
027594
027595
027596
027597
027598
027599
027600
027601
027602
027603
027604
027605
027606
027607
027608
027609
027610
027611
027612
027613
027614
027615
027616
027617
027618
027646
027647
027648
027649
027650
027651
027652
027653
027654
027655
027656
027657
027658
027659
027660
027661
027662
027663
027664
027665
027666
027667
027668
027669
027670
027671
027672
027673
027674
027675
027676
027677
027678
027679
027680
027681
027682
027683
027684
027685
027686
027687
027688
027689
027690
027691
027692
027693
027694
027695
027696
027697
027698
027699
027700
027701
027702
027703
027704
027705
027706
027707
027708
027709
027710
027711
027712
027713
027714
027715
027716
027717
027718
027719
027720
027721
027722
027723
027724
027725
027726
027727
027728
027729
027730
027731
027732
027733
027734
027735
027736
027737
027738
027739
027740
027741
027742
027743
027744
027745
027746
027747
027748
027749
027750
027751
027752
027753
027754
027755
027756
027757
027758
027759
027760
027761
027762
027763
027764
027765
027766
027767
027768
027769
027770
027771
027772
027773
027774
027775
027776
027777
027778
027779
027979
027980
027981
027982
027983
027984
027985
027986
027987
027988
027989
027990
027991
027992
027993
027994
027995
027996
027997
027998
027999
028000
028001
028002
028003
028004
028005
028006
028007
028008
028009
028010
028011
028012
028013
028014
028015
028016
028017
028018
028019
028020
028021
028022
028023
028024
028025
028026
028027
028028
028029
028030
028031
028032
028033
028034
028035
028036
028037
028038
028039
028040
028041
028042
028043
028044
028045
028046
028047
028048
028049
028050
028051
028052
028053
028054
028055
028056
028057
028060
028061
028062
028063
028064
028065
028066
028067
028068
028069
028071
028073
028075
028079
028081
028082
028084
028085
028086
028087
028088
028089
028090
028091
028092
028093
028094
028095
028096
028097
028098
028099
028100
028101
028102
028103
028104
028122
028123
028124
028125
028127
028128
028129
028130
028131
028132
028133
028134
028135
028136
028137
028138
028139
028140
028141
028142
028143
028144
028145
028146
028147
028148
028149
028150
028151
028152
028153
028154
028155
028156
028157
028158
028159
028160
028161
028162
028163
028164
028165
028167
028169
028170
028171
028172
028173
028174
028175
028176
028177
028178
028179
028180
028181
028182
028183
028184
028185
028186
028187
028188
028189
028190
028191
028192
028193
028194
028195
028196
028197
028198
028200
028202
028204
028206
028208
028209
028210
028211
028212
028213
028214
028215
028216
028217
028218
028219
028220
028221
028222
028223
028224
028225
028226
028227
028228
028229
028230
028231
028232
028233
028234
028235
028236
028237
028238
028239
028240
028241
028242
028243
028244
028245
028246
028247
028248
028249
028250
028251
028252
028253
028254
028255
028256
028257
028258
028259
028260
028261
028262
028263
028264
028265
028266
028267
028268
028269
028270
028271
028272
028273
028275
028277
028278
028279
028280
028281
028282
028283
028284
028285
028286
028287
028288
028289
028290
028291
028292
028293
028294
028295
028296
028297
028298
028299
028300
028301
028302
028303
028304
028305
028306
028307
028308
028309
028310
028311
028312
028313
028314
028315
028316
028318
028320
028322
028324
028325
028326
028327
028328
028329
028330
028331
028332
028333
028334
028335
028336
028337
028338
028339
028340
028341
028342
028343
028344
028345
028346
028347
028348
028349
028350
028351
028352
028353
028354
028355
028356
028357
028358
028359
028360
028361
028362
028363
028367
028368
028369
028370
028371
028372
028373
028374
028375
028376
028378
028379
028380
028381
028382
028383
028385
028386
028387
028388
028389
028390
028391
028392
028393
028394
028395
028396
028397
028399
028401
028403
028405
028407
028409
028411
028413
028415
028418
028419
028420
028421
028422
028423
028424
028425
028426
028427
028428
028429
028430
028431
028432
028433
028434
028435
028436
028437
028438
028439
028440
028441
028442
028443
028444
028445
028446
028447
028448
028449
028450
028451
028452
028453
028454
028455
028456
028457
028458
028459
028460
028461
028462
028463
028464
028465
028466
028467
028468
028471
028473
028493
028494
028495
028496
028498
028499
028500
028501
028503
028507
028508
028509
028510
028511
028512
028513
028514
028515
028516
028517
028518
028519
028520
028521
028522
028523
028524
028525
028526
028527
028528
028529
028530
028531
028532
028533
028534
028535
028536
028537
028538
028539
028540
028541
028542
028543
028544
028545
028546
028547
028548
028549
028550
028551
028552
028553
028554
028555
028556
028557
028558
028559
028560
028561
028562
028563
028564
028565
028566
028567
028568
028569
028570
028571
028572
028573
028574
028575
028576
028577
028578
028580
028582
028584
028586
028588
028589
028590
028591
028592
028593
028594
028595
028596
028597
028598
028599
028600
028601
028602
028603
028604
028605
028606
028607
028608
028609
028610
028611
028612
028613
028614
028615
028616
028617
028618
028619
028620
028621
028622
028623
028624
028625
028626
028627
028628
028629
028630
028631
028632
028633
028634
028635
028636
028637
028859
028860
028861
028862
028863
028864
028865
028866
028869
028870
028871
028872
028873
028874
028875
028876
028877
028878
028879
028880
028881
028882
028883
028884
028885
028886
028887
028888
028889
028890
028891
028892
028893
028894
028895
028896
028897
028898
028899
028900
028901
028902
028903
028904
028905
028906
028907
028908
028909
028910
028911
028912
028913
028914
028915
028916
028917
028918
028919
028920
028921
028922
028923
028924
028925
028926
028927
028928
028929
028930
028931
028932
028933
028934
028935
028936
028937
028938
028939
028940
028941
028942
028943
028944
028945
028946
028947
028948
028949
028950
028951
028952
028953
028954
028955
028956
028957
028958
028959
028960
028961
028962
028963
028964
028965
028966
028967
028968
028969
028970
028971
028972
028973
028974
028975
028976
028977
029000
029001
029002
029003
029004
029005
029006
029007
029008
029009
029010
029011
029012
029013
029015
029016
029017
029018
029019
029020
029021
029022
029023
029024
029025
029026
029027
029028
029029
029030
029031
029032
029033
029034
029035
029036
029037
029038
029039
029040
029041
029042
029043
029044
029045
029046
029047
029048
029049
029050
029051
029052
029053
029054
029055
029056
029057
029058
029059
029060
029061
029062
029063
029064
029065
029066
029067
029068
029069
029070
029071
029072
029073
029074
029075
029076
029077
029078
029079
029080
029081
029082
029083
029084
029085
029086
029087
029088
029089
029090
029091
029092
029093
029094
029095
029096
029097
029098
029099
029100
029101
029102
029103
029104
029105
029106
029107
029108
029109
029110
029111
029112
029113
029114
029115
029116
029117
029118
029119
029120
029121
029122
029123
029124
029125
029126
029127
029128
029129
029130
029131
029132
029133
029134
029135
029136
029137
029138
029139
029140
029141
029142
029143
029144
029145
029146
029147
029148
029149
029150
029151
029152
029153
029154
029155
029156
029157
029158
029159
029160
029161
029162
029163
029164
029165
029166
029167
029168
029169
029170
029171
029172
029173
029174
029176
029177
029178
029179
029180
029181
029182
029183
029184
029185
029186
029187
029188
029189
029190
029191
029192
029193
029194
029195
029196
029197
029198
029199
029200
029201
029202
029203
029204
029205
029206
029207
029208
029209
029210
029211
029212
029213
029214
029215
029216
029217
029218
029219
029220
029221
029222
029223
029224
029225
029226
029227
029228
029229
029230
029231
029232
029233
029234
029235
029236
029237
029238
029239
029240
029241
029242
029243
029244
029245
029246
029247
029248
029249
029250
029251
029252
029253
029254
029255
029256
029257
029258
029259
029260
029261
029262
029263
029264
029265
029266
029267
029268
029269
029270
029271
029272
029273
029274
029275
029276
029277
029278
029279
029280
029281
029282
029283
029284
029285
029286
029287
029288
029289
029290
029291
029292
029293
029294
029295
029296
029297
029298
029300
029301
029302
029303
029304
029305
029306
029307
029308
029309
029310
029311
029312
029313
029314
029315
029316
029317
029318
029319
029320
029321
029322
029323
029324
029347
029348
029349
029350
029351
029352
029353
029354
029355
029356
029357
029358
029359
029360
029361
029362
029363
029364
029365
029366
029367
029368
029369
029370
029371
029372
029373
029374
029375
029376
029377
029378
029379
029380
029381
029382
029383
029384
029385
029386
029387
029388
029389
029390
029391
029392
029393
029394
029395
029396
029397
029398
029399
029400
029401
029402
029403
029404
029405
029406
029407
029408
029409
029410
029411
029412
029413
029414
029415
029416
029417
029418
029419
029420
029421
029422
029423
029424
029425
029426
029427
029428
029429
029430
029431
029432
029433
029434
029435
029436
029437
029438
029439
029440
029441
029442
029443
029444
029445
029446
029447
029448
029449
029450
029451
029452
029453
029454
029455
029456
029457
029458
029459
029460
029461
029462
029463
029464
029465
029466
029467
029468
029469
029470
029471
029472
029473
029474
029475
029476
029477
029478
029479
029480
029481
029482
029483
029484
029485
029687
029688
029689
029690
029691
029692
029693
029694
029695
029696
029697
029698
029699
029700
029701
029702
029703
029704
029705
029706
029707
029708
029709
029710
029711
029712
029713
029714
029715
029716
029717
029718
029719
029720
029721
029722
029723
029724
029725
029726
029727
029728
029729
029730
029731
029732
029733
029734
029735
029736
029737
029738
029739
029740
029741
029742
029743
029744
029745
029746
029747
029748
029749
029750
029751
029752
029753
029754
029755
029756
029757
029758
029759
029760
029761
029762
029763
029764
029765
029766
029767
029768
029769
029770
029771
029772
029773
029774
029775
029776
029777
029778
029779
029780
029781
029782
029783
029784
029785
029786
029787
029788
029789
029790
029791
029792
029793
029794
029795
029796
029797
029798
029799
029800
029801
029802
029832
029833
029834
029835
029836
029837
029838
029839
029840
029841
029842
029845
029847
029848
029849
029850
029851
029852
029853
029854
029855
029856
029857
029858
029859
029860
029861
029862
029863
029864
029865
029866
029867
029868
029869
029870
029871
029872
029873
029874
029875
029876
029877
029878
029880
029881
029882
029883
029884
029885
029886
029887
029888
029889
029890
029891
029892
029893
029894
029895
029896
029897
029898
029899
029900
029901
029902
029903
029904
029905
029906
029907
029908
029910
029911
029912
029913
029914
029916
029917
029918
029919
029920
029921
029922
029923
029924
029925
029926
029927
029928
029929
029930
029931
029932
029933
029934
029935
029936
029937
029938
029939
029940
029941
029942
029943
029944
029945
029946
029947
029948
029949
029950
029951
029952
029953
029954
029955
029956
029957
029958
029959
029960
029961
029962
029963
029964
029965
029966
029967
029968
029969
029970
029971
029972
029973
029974
029975
029976
029977
029978
029979
029980
029981
029982
029983
029984
029985
029986
029987
029988
029989
029990
029991
029992
029993
029994
029995
029996
029997
029998
029999
030000
030001
030002
030003
030004
030005
030006
030007
030008
030009
030010
030011
030012
030013
030014
030015
030016
030017
030018
030019
030020
030021
030022
030023
030024
030025
030026
030027
030028
030029
030030
030031
030032
030033
030034
030035
030036
030037
030038
030039
030040
030041
030042
030043
030044
030045
030046
030047
030048
030049
030050
030051
030052
030053
030054
030055
030056
030057
030058
030059
030060
030061
030062
030063
030064
030065
030066
030067
030068
030069
030070
030071
030072
030073
030074
030075
030076
030077
030078
030079
030080
030081
030082
030083
030084
030085
030087
030088
030089
030090
030091
030092
030093
030094
030095
030096
030097
030098
030099
030100
030101
030102
030103
030104
030105
030106
030107
030108
030109
030110
030111
030112
030113
030114
030115
030116
030117
030118
030119
030120
030121
030122
030123
030124
030125
030126
030127
030128
030129
030130
030131
030132
030133
030134
030135
030136
030137
030138
030139
030140
030141
030142
030143
030144
030145
030146
030147
030148
030149
030150
030151
030152
030153
030174
030175
030176
030177
030178
030179
030180
030181
030182
030183
030184
030272
030273
030274
030275
030276
030277
030278
030279
030280
030281
030282
030283
030284
030285
030286
030287
030288
030289
030290
030291
030292
030293
030294
030295
030296
030297
030298
030299
030300
030301
030302
030303
030304
030305
030306
030307
030308
030309
030310
030311
030312
030313
030314
030315
030316
030317
030318
030319
030320
030321
030322
030323
030324
030325
030326
030327
030328
030329
030330
030331
030332
030333
030334
030335
030336
030337
030338
030339
030340
030341
030342
030343
030344
030345
030700
030701
030702
030703
030704
030705
030706
030707
030708
030709
030710
030711
030712
030713
030714
030715
030716
030717
030718
030719
030720
030721
030722
030723
030724
030725
030726
030727
030728
030729
030730
030732
030733
030734
030735
030736
030737
030738
030739
030740
030741
030742
030743
030744
030745
030746
030747
030748
030749
030750
030751
030752
030753
030754
030755
030756
030757
030758
030759
030760
030761
030762
030763
030764
030765
030766
030783
030784
030785
030786
030787
030788
030789
030790
030791
030792
030793
030794
030795
030796
030797
030798
030799
030800
030801
030802
030803
030804
030805
030806
030807
030808
030809
030810
030811
030812
030813
030814
030815
030816
030817
030818
030819
030820
030821
030822
030823
030824
030826
030827
030828
030829
030830
030831
030832
030833
030834
030835
030836
030837
030838
030839
030840
030841
030842
030843
030844
030845
030846
030847
030848
030849
030850
030851
030852
030853
030854
030855
030856
030857
030858
030859
030860
030861
030862
030863
030864
030865
030866
030867
030868
030869
030870
030871
030872
030873
030874
030875
030876
030877
030878
030879
030880
030881
030882
030883
030884
030885
030886
030887
030888
030889
030890
030891
030892
030893
030894
030895
030896
030897
030898
030899
030900
030901
030902
030903
030904
030905
030906
030907
030908
030909
030910
030911
030912
030913
030914
030915
030916
030917
030918
030919
030920
030921
030922
030923
030924
030925
030926
030927
030928
030929
030930
030931
030932
030933
030934
030935
030936
030937
030938
030939
030940
030941
030942
030943
030944
030945
030946
030947
030948
030949
030950
030951
030952
030953
030954
030955
030956
030957
030958
030959
030960
030961
030962
030963
030964
030965
030966
030967
030968
030969
030970
030971
030972
030973
030974
030975
030976
030977
030978
030979
030980
030981
030982
030983
030984
030985
030986
030987
030988
030989
030990
030991
030992
030993
030994
030995
030996
030997
030998
030999
031000
031001
031002
031003
031004
031005
031006
031007
031008
031009
031010
031011
031012
031013
031014
031015
031016
031017
031018
031019
031020
031021
031022
031023
031024
031025
031026
031027
031028
031029
031030
031031
031032
031033
031034
031035
031036
031037
031038
031039
031040
031041
031042
031043
031044
031045
031046
031047
031048
031049
031050
031051
031052
031053
031054
031055
031056
031057
031058
031059
031060
031061
031062
031063
031064
031065
031066
031067
031068
031069
031070
031071
031072
031073
031074
031075
031076
031077
031078
031079
031080
031081
031082
031083
031084
031085
031086
031087
031088
031089
031090
031091
031092
031093
031094
031095
031096
031097
031119
031120
031121
031122
031123
031124
031125
031126
031127
031128
031129
031130
031131
031132
031133
031134
031135
031136
031137
031138
031139
031140
031141
031142
031143
031144
031145
031146
031147
031148
031149
031150
031151
031152
031153
031154
031155
031156
031157
031158
031159
031160
031161
031162
031163
031164
031165
031166
031167
031168
031169
031170
031171
031172
031173
031174
031175
031176
031177
031178
031179
031180
031181
031182
031183
031184
031185
031186
031187
031188
031189
031190
031191
031192
031193
031194
031195
031196
031197
031198
031199
031200
031201
031202
031203
031204
031205
031206
031207
031208
031209
031210
031211
031212
031213
031214
031215
031216
031217
031218
031219
031220
031221
031222
031223
031224
031225
031226
031227
031228
031229
031230
031231
031232
031233
031234
031235
031236
031237
031238
031239
031240
031241
031242
031243
031244
031245
031246
031247
031248
031249
031250
031251
031252
031253
031254
031255
031256
031257
031258
031259
031498
031499
031500
031501
031502
031503
031504
031505
031506
031507
031508
031509
031510
031511
031512
031513
031514
031515
031516
031517
031518
031519
031520
031521
031522
031523
031524
031525
031526
031527
031528
031529
031530
031531
031532
031533
031534
031535
031536
031537
031538
031539
031540
031541
031542
031543
031544
031545
031546
031547
031548
031549
031550
031551
031552
031553
031554
031555
031556
031557
031558
031559
031560
031561
031562
031563
031564
031565
031566
031567
031568
031569
031570
031571
031572
031573
031574
031575
031576
031577
031578
031579
031580
031581
031582
031583
031584
031585
031586
031603
031604
031605
031606
031607
031608
031609
031610
031611
031612
031613
031614
031615
031616
031617
031618
031619
031620
031621
031622
031623
031624
031625
031626
031627
031628
031629
031630
031631
031632
031633
031634
031635
031636
031637
031638
031639
031640
031641
031642
031643
031644
031645
031646
031647
031648
031649
031650
031651
031652
031653
031654
031655
031656
031657
031658
031659
031660
031661
031662
031663
031664
031665
031666
031667
031668
031669
031670
031671
031672
031673
031674
031675
031676
031678
031679
031680
031681
031682
031683
031684
031685
031686
031687
031688
031689
031690
031691
031692
031693
031694
031695
031696
031697
031698
031699
031700
031701
031702
031703
031704
031705
031706
031707
031708
031709
031710
031711
031712
031713
031714
031715
031716
031717
031718
031720
031721
031722
031723
031724
031725
031726
031727
031728
031729
031730
031731
031732
031733
031734
031735
031736
031737
031738
031739
031740
031741
031742
031743
031744
031745
031746
031747
031748
031749
031750
031751
031752
031753
031754
031755
031756
031757
031758
031759
031760
031761
031762
031763
031764
031765
031766
031767
031768
031769
031770
031771
031772
031773
031774
031775
031776
031777
031778
031779
031780
031781
031782
031783
031784
031785
031786
031787
031788
031789
031790
031791
031792
031793
031794
031795
031796
031797
031798
031799
031800
031801
031802
031803
031804
031805
031806
031807
031808
031809
031810
031811
031812
031813
031814
031815
031816
031817
031818
031819
031820
031821
031822
031823
031824
031825
031826
031827
031828
031829
031830
031831
031833
